95
157
19
213
92
176
9
22
140
236
30
82
11
62
207
179
239
63
50
232
106
199
38
225
200
42
151
210
66
118
25
206
33
100
152
125
39
172
48
149
6
15
183
53
129
247
136
216
24
153
208
171
224
156
57
80
178
137
181
31
133
211
111
169
35
201
79
56
26
131
89
68
28
217
186
209
103
196
168
191
69
112
164
139
240
21
194
114
55
20
76
142
159
124
174
231
205
173
78
113
158
37
233
128
188
195
60
175
192
189
107
138
190
245
250
96
23
12
4
237
146
154
243
36
184
248
244
147
230
1
116
215
141
228
185
61
204
160
46
177
91
241
166
70
162
5
64
212
41
122
83
235
202
67
49
145
90
219
34
234
87
7
119
81
29
75
97
0
3
246
8
249
167
44
32
14
135
163
182
58
155
85
123
99
17
197
27
229
226
252
214
101
221
134
117
148
47
180
193
255
242
45
161
86
2
254
73
115
150
251
104
143
54
40
16
43
10
71
13
109
88
105
222
110
130
144
108
59
198
51
102
84
170
187
98
253
218
165
121
132
220
77
238
65
72
18
94
52
203
126
223
93
127
74
120
227
